上位机请求读取下位机的硬件版本号
66 CC 00 02 10 12 00 00 00 00 00 00 00 00 00 00 00 00

查询固件版本号
66 CC 00 02 11 13 00 00 00 00 00 00 00 00 00 00 00 00

上位机向下位机查询CAN报文发送状态 0x32 0xB2
66 CC 00 02 32 34 00 00 00 00 00 00 00 00 00 00 00 00

查询下位机当前设置的波特率 0x13 0x93  (通讯口：CAN分析仪使用通讯口01)
66 CC 00 03 13 01 17 00 00 00 00 00 00 00 00 00 00 00

查询下位机当前设置的波特率 0x15 0x95
66 CC 00 03 15 01 19 00 00 00 00 00 00 00 00 00 00 00


上位机向下位机发送实时CAN总线数据 0x30 
66 CC 00 10 30 03 00 00 06 04 08 40 41 60 00 00 00 00 00 36 获取当前电机状态 (DEVICE 4)

66 CC 00 10 B1 03 00 00 05 84 08 4B 41 60 00 21 12 00 00 74

66 CC 00 10 30 03 00 00 06 04 08 40 00 10 00 00 00 00 00 A5 获取设备类型 (DEVICE 4)
66 CC 00 10 30 03 00 00 06 03 08 40 00 10 00 00 00 00 00 A4 获取设备类型 (DEVICE 3)

66 CC 00 10 30 03 00 00 04 04 08 00 00 40 9C 00 00 00 00 2F 调转速 600
66 CC 00 10 30 03 00 00 04 04 08 00 00 20 4E 00 00 00 00 C1 调转速 300
66 CC 00 10 30 03 00 00 04 04 08 00 00 0A 1A 00 00 00 00 77 调转速 100
66 CC 00 10 30 03 00 00 04 04 08 00 00 05 0D 00 00 00 00 65 调转速 50
66 CC 00 10 30 03 00 00 04 04 08 00 00 00 00 00 00 00 00 53 调转速 0


{device 3}
66 CC 00 10 30 03 00 00 00 00 08 01 03 00 00 00 00 00 00 4F 让节点进入操作状态 
66 CC 00 10 30 03 00 00 04 03 08 00 00 00 00 00 00 00 00 52
66 CC 00 10 30 03 00 00 04 03 08 00 00 00 00 00 00 00 00 52
66 CC 00 10 30 03 00 00 04 03 08 00 00 40 9C 00 00 00 00 2E 
66 CC 00 10 30 03 00 00 04 03 08 00 00 40 9C 00 00 00 00 2E 
66 CC 00 10 30 03 00 00 02 03 08 06 00 03 00 00 00 00 00 59 
66 CC 00 10 30 03 00 00 02 03 08 07 00 03 00 00 00 00 00 5A
66 CC 00 10 30 03 00 00 04 03 08 00 00 40 9C 00 00 00 00 60  
66 CC 00 10 30 03 00 00 02 03 08 0F 00 03 00 00 00 00 00 62 开始 
66 CC 00 10 30 03 00 00 02 03 08 06 00 03 00 00 00 00 00 59 停止
66 CC 00 10 30 03 00 00 00 00 08 80 03 00 00 00 00 00 00 CE 让节点进入预操作状态

{device 4}
66 cc 00 10 30 03 00 00 00 00 08 01 04 00 00 00 00 00 00 50
66 cc 00 10 30 03 00 00 04 04 08 00 00 00 00 00 00 00 00 53
66 cc 00 10 30 03 00 00 04 04 08 00 00 00 00 00 00 00 00 53
66 cc 00 10 30 03 00 00 04 04 08 00 00 40 9c 00 00 00 00 2f
66 cc 00 10 30 03 00 00 04 04 08 00 00 40 9c 00 00 00 00 2f
66 cc 00 10 30 03 00 00 02 04 08 06 00 03 00 00 00 00 00 5a
66 cc 00 10 30 03 00 00 02 04 08 07 00 03 00 00 00 00 00 5b
66 cc 00 10 30 03 00 00 02 04 08 0f 00 03 00 00 00 00 00 63
66 cc 00 10 30 03 00 00 00 00 08 80 04 00 00 00 00 00 00 cf

00 00 06 03   40 00 10 00 00 00 00 00 读设备类型
00 00 05 83   43 00 10 00 92 01 04 00 返回设备类型

00 00 00 00   01 04 00 00 00 00 00 00 让节点进入操作状态 
00 00 04 03   00 00 00 00 00 00 00 00
00 00 04 03   00 00 00 00 00 00 00 00
00 00 04 03   00 00 40 9C 00 00 00 00
00 00 04 03   00 00 40 9C 00 00 00 00
00 00 02 03   06 00 03 00 00 00 00 00
00 00 02 03   07 00 03 00 00 00 00 00
00 00 04 03   00 00 40 9C 00 00 00 00
00 00 02 03   0F 00 03 00 00 00 00 00
00 00 02 03   06 00 03 00 00 00 00 00 停止
00 00 00 00   80 04 00 00 00 00 00 00 让节点进入预操作状态

00 00 04 04   00 00 40 9C 00 00 00 00 调转速 600
00 00 04 04   00 00 20 4E 00 00 00 00 调转速 300
00 00 04 04   00 00 0A 1A 00 00 00 00 调转速 100
00 00 04 04   00 00 05 0D 00 00 00 00 调转速 50
00 00 04 04   00 00 00 00 00 00 00 00 调转速 0



66cc 0010 b10300000584 08 4b41 6000 37060000 7e (device 4 run)
66cc 0010 b10300000584 08 4b41 6000 21120000 74 (device 4 stop

66cc 0010 b10300000583 08 4b41 6000 37060000 7d (device 3 run)
66cc 0010 b10300000583 08 4b41 6000 21120000 73 (device 3 stop)

66cc 0010 b10300000284 08 c868 9502 a0689502 b8
66cc 000bb103000001840333060383

IIE-IoT-0218217 启动
IIE-IoT-0218216 停止
